{
 "cells": [
  {
   "cell_type": "code",
   "execution_count": 1,
   "metadata": {},
   "outputs": [],
   "source": [
    "import numpy as np"
   ]
  },
  {
   "cell_type": "code",
   "execution_count": 24,
   "metadata": {},
   "outputs": [],
   "source": [
    "xarr = np.array([1.1, 1.2, 1.3, 1.4, 1.5])"
   ]
  },
  {
   "cell_type": "code",
   "execution_count": 25,
   "metadata": {},
   "outputs": [],
   "source": [
    "yarr = np.array([2.1, 2.2, 2.3, 2.4, 2.5])"
   ]
  },
  {
   "cell_type": "code",
   "execution_count": 26,
   "metadata": {},
   "outputs": [],
   "source": [
    "cond = np.array([True, False, True, True, False])"
   ]
  },
  {
   "cell_type": "code",
   "execution_count": 27,
   "metadata": {},
   "outputs": [],
   "source": [
    "result = [(x if c else y) for x, y, c in zip(xarr, yarr, cond)]"
   ]
  },
  {
   "cell_type": "code",
   "execution_count": 6,
   "metadata": {},
   "outputs": [
    {
     "data": {
      "text/plain": [
       "[1.1, 2.2, 1.3, 1.4, 2.5]"
      ]
     },
     "execution_count": 6,
     "metadata": {},
     "output_type": "execute_result"
    }
   ],
   "source": [
    "result"
   ]
  },
  {
   "cell_type": "code",
   "execution_count": 10,
   "metadata": {},
   "outputs": [
    {
     "name": "stdout",
     "output_type": "stream",
     "text": [
      "No Ok\n"
     ]
    }
   ],
   "source": [
    "x = True\n",
    "if x != True:\n",
    "    print('OK')\n",
    "else:\n",
    "    print('No Ok')"
   ]
  },
  {
   "cell_type": "code",
   "execution_count": 9,
   "metadata": {},
   "outputs": [
    {
     "name": "stdout",
     "output_type": "stream",
     "text": [
      "No Ok\n"
     ]
    }
   ],
   "source": [
    "if not x:\n",
    "    print('OK')\n",
    "else:\n",
    "    print('No Ok')"
   ]
  },
  {
   "cell_type": "code",
   "execution_count": 36,
   "metadata": {},
   "outputs": [
    {
     "name": "stdout",
     "output_type": "stream",
     "text": [
      "[1.1 1.2 1.3 1.4 1.5]\n"
     ]
    }
   ],
   "source": [
    "result = np.where(cond, print(xarr), yarr)"
   ]
  },
  {
   "cell_type": "code",
   "execution_count": 37,
   "metadata": {},
   "outputs": [
    {
     "data": {
      "text/plain": [
       "array([1.1, 1.2, 1.3, 1.4, 1.5])"
      ]
     },
     "execution_count": 37,
     "metadata": {},
     "output_type": "execute_result"
    }
   ],
   "source": [
    "xarr"
   ]
  },
  {
   "cell_type": "code",
   "execution_count": 38,
   "metadata": {},
   "outputs": [
    {
     "data": {
      "text/plain": [
       "array([None, 2.2, None, None, 2.5], dtype=object)"
      ]
     },
     "execution_count": 38,
     "metadata": {},
     "output_type": "execute_result"
    }
   ],
   "source": [
    "result"
   ]
  },
  {
   "cell_type": "code",
   "execution_count": 30,
   "metadata": {},
   "outputs": [],
   "source": [
    "result = np.where(cond, xarr**2, yarr)"
   ]
  },
  {
   "cell_type": "code",
   "execution_count": 31,
   "metadata": {},
   "outputs": [
    {
     "data": {
      "text/plain": [
       "array([1.21, 2.2 , 1.69, 1.96, 2.5 ])"
      ]
     },
     "execution_count": 31,
     "metadata": {},
     "output_type": "execute_result"
    }
   ],
   "source": [
    "result"
   ]
  },
  {
   "cell_type": "code",
   "execution_count": 17,
   "metadata": {},
   "outputs": [],
   "source": [
    "arr = np.random.randn(4, 4)"
   ]
  },
  {
   "cell_type": "code",
   "execution_count": 18,
   "metadata": {},
   "outputs": [
    {
     "data": {
      "text/plain": [
       "array([[ 1.72708491, -0.85558643, -0.03773719,  3.12192765],\n",
       "       [-0.4469586 ,  0.52414897, -0.57502313,  0.952641  ],\n",
       "       [-0.50430454, -1.70992773, -0.79444413,  0.71615214],\n",
       "       [-0.1154591 , -2.30735125, -0.59358454,  1.37482821]])"
      ]
     },
     "execution_count": 18,
     "metadata": {},
     "output_type": "execute_result"
    }
   ],
   "source": [
    "arr"
   ]
  },
  {
   "cell_type": "code",
   "execution_count": 19,
   "metadata": {},
   "outputs": [
    {
     "data": {
      "text/plain": [
       "array([[ 2, -2, -2,  2],\n",
       "       [-2,  2, -2,  2],\n",
       "       [-2, -2, -2,  2],\n",
       "       [-2, -2, -2,  2]])"
      ]
     },
     "execution_count": 19,
     "metadata": {},
     "output_type": "execute_result"
    }
   ],
   "source": [
    "np.where(arr > 0, 2, -2)"
   ]
  },
  {
   "cell_type": "code",
   "execution_count": 21,
   "metadata": {},
   "outputs": [
    {
     "data": {
      "text/plain": [
       "array(['esto es poco', 'esto es poco', '1.3', '1.4', '1.5'], dtype='<U32')"
      ]
     },
     "execution_count": 21,
     "metadata": {},
     "output_type": "execute_result"
    }
   ],
   "source": [
    "np.where(xarr < 1.3, 'esto es poco', xarr)"
   ]
  },
  {
   "cell_type": "code",
   "execution_count": 22,
   "metadata": {},
   "outputs": [
    {
     "data": {
      "text/plain": [
       "array([[ 2.        , -0.85558643, -0.03773719,  2.        ],\n",
       "       [-0.4469586 ,  2.        , -0.57502313,  2.        ],\n",
       "       [-0.50430454, -1.70992773, -0.79444413,  2.        ],\n",
       "       [-0.1154591 , -2.30735125, -0.59358454,  2.        ]])"
      ]
     },
     "execution_count": 22,
     "metadata": {},
     "output_type": "execute_result"
    }
   ],
   "source": [
    "np.where(arr > 0, 2, arr)"
   ]
  },
  {
   "cell_type": "code",
   "execution_count": 23,
   "metadata": {},
   "outputs": [
    {
     "ename": "NameError",
     "evalue": "name 'n' is not defined",
     "output_type": "error",
     "traceback": [
      "\u001b[0;31m---------------------------------------------------------------------------\u001b[0m",
      "\u001b[0;31mNameError\u001b[0m                                 Traceback (most recent call last)",
      "\u001b[0;32m<ipython-input-23-3b90309081eb>\u001b[0m in \u001b[0;36m<module>\u001b[0;34m\u001b[0m\n\u001b[1;32m      1\u001b[0m \u001b[0mresult\u001b[0m \u001b[0;34m=\u001b[0m \u001b[0;34m[\u001b[0m\u001b[0;34m]\u001b[0m\u001b[0;34m\u001b[0m\u001b[0;34m\u001b[0m\u001b[0m\n\u001b[0;32m----> 2\u001b[0;31m \u001b[0;32mfor\u001b[0m \u001b[0mi\u001b[0m \u001b[0;32min\u001b[0m \u001b[0mrange\u001b[0m\u001b[0;34m(\u001b[0m\u001b[0mn\u001b[0m\u001b[0;34m)\u001b[0m\u001b[0;34m:\u001b[0m\u001b[0;34m\u001b[0m\u001b[0;34m\u001b[0m\u001b[0m\n\u001b[0m\u001b[1;32m      3\u001b[0m     \u001b[0;32mif\u001b[0m \u001b[0mcond1\u001b[0m\u001b[0;34m[\u001b[0m\u001b[0mi\u001b[0m\u001b[0;34m]\u001b[0m \u001b[0;32mand\u001b[0m \u001b[0mcond2\u001b[0m\u001b[0;34m[\u001b[0m\u001b[0mi\u001b[0m\u001b[0;34m]\u001b[0m\u001b[0;34m:\u001b[0m\u001b[0;34m\u001b[0m\u001b[0;34m\u001b[0m\u001b[0m\n\u001b[1;32m      4\u001b[0m         \u001b[0mresult\u001b[0m\u001b[0;34m.\u001b[0m\u001b[0mappend\u001b[0m\u001b[0;34m(\u001b[0m\u001b[0;36m0\u001b[0m\u001b[0;34m)\u001b[0m\u001b[0;34m\u001b[0m\u001b[0;34m\u001b[0m\u001b[0m\n\u001b[1;32m      5\u001b[0m     \u001b[0;32melif\u001b[0m \u001b[0mcond1\u001b[0m\u001b[0;34m[\u001b[0m\u001b[0mi\u001b[0m\u001b[0;34m]\u001b[0m\u001b[0;34m:\u001b[0m\u001b[0;34m\u001b[0m\u001b[0;34m\u001b[0m\u001b[0m\n",
      "\u001b[0;31mNameError\u001b[0m: name 'n' is not defined"
     ]
    }
   ],
   "source": [
    "result = []\n",
    "for i in range(n):\n",
    "    if cond1[i] and cond2[i]:\n",
    "        result.append(0)\n",
    "    elif cond1[i]:\n",
    "        result.append(1)\n",
    "    elif cond2[i]:\n",
    "        result.append(2)\n",
    "    else:\n",
    "        result.append(3)"
   ]
  },
  {
   "cell_type": "code",
   "execution_count": 90,
   "metadata": {},
   "outputs": [],
   "source": [
    "norm = np.random.randn(5, 6)"
   ]
  },
  {
   "cell_type": "code",
   "execution_count": 50,
   "metadata": {},
   "outputs": [
    {
     "data": {
      "text/plain": [
       "0.07017597490302381"
      ]
     },
     "execution_count": 50,
     "metadata": {},
     "output_type": "execute_result"
    }
   ],
   "source": [
    "norm.mean()"
   ]
  },
  {
   "cell_type": "code",
   "execution_count": 57,
   "metadata": {},
   "outputs": [
    {
     "data": {
      "text/plain": [
       "array([ 1.07868306e+00, -1.00327238e-01,  1.78620620e+00,  2.03586530e+00,\n",
       "        8.45873641e-01, -1.53060728e-01,  1.09286592e+00,  1.31266946e+00,\n",
       "        1.87822100e+00,  1.06527583e+00,  7.98231093e-01, -2.23866456e+00,\n",
       "        3.12148367e+00,  3.47242567e+00,  1.50655090e-01, -2.34584667e-01,\n",
       "       -6.93886671e-01,  6.73261149e-01, -1.21416105e-01,  3.66585477e-01,\n",
       "       -2.25270293e+00,  9.18642421e-01, -2.14410681e+00,  2.49376761e-01,\n",
       "        5.13444413e-01,  3.49550978e+00, -2.53533791e+00,  3.31847103e-01,\n",
       "       -1.67010270e+00,  5.50482058e-01,  3.65809389e+00, -2.47413123e-03,\n",
       "        1.26921686e+00, -2.70666982e+00, -7.34170322e-01, -5.01553632e+00,\n",
       "       -1.69791472e+00, -2.42926699e+00,  2.80967066e-01,  2.36974107e+00,\n",
       "        6.09820106e+00,  8.75778849e-01, -3.22180387e+00,  2.81313143e+00,\n",
       "       -4.07126683e+00, -2.71998793e+00,  2.84632415e+00,  1.46348725e+00,\n",
       "        1.56592833e+00,  3.30879994e+00])"
      ]
     },
     "execution_count": 57,
     "metadata": {},
     "output_type": "execute_result"
    }
   ],
   "source": [
    "norm.sum(axis=0)"
   ]
  },
  {
   "cell_type": "code",
   "execution_count": 52,
   "metadata": {
    "collapsed": true,
    "jupyter": {
     "outputs_hidden": true
    }
   },
   "outputs": [
    {
     "data": {
      "text/plain": [
       "array([[ 0.21382157, -2.34270514,  0.86145322, -0.05688237, -0.79674905,\n",
       "         0.40522192, -0.17605601, -1.27264903, -0.76597134,  0.42218277,\n",
       "        -0.63589862, -0.08803525,  1.37792814,  3.31105413,  0.22162584,\n",
       "        -0.64409101,  0.29511746,  0.60758674, -1.74075901,  1.32808026,\n",
       "        -3.04717841,  0.77785588, -0.24320103, -0.0633551 ,  0.0752935 ,\n",
       "         0.72941045, -0.42436395,  1.40968465, -1.68929856,  2.29795521,\n",
       "         2.72236454,  1.31049266, -0.31879674, -1.57675285, -0.52775445,\n",
       "        -1.36349938,  1.61999731, -0.36500017, -0.83009753, -0.07295509,\n",
       "        -0.42934301, -0.21641007, -0.35667202,  1.14660807, -1.11558409,\n",
       "         0.40416618,  0.35238712,  0.43562356, -0.93030588, -0.27188945],\n",
       "       [ 1.04568203,  1.14322525, -2.16563555, -0.01659959, -0.36658591,\n",
       "        -1.07545006,  1.53221869, -0.65600913,  0.57245496, -0.20701583,\n",
       "        -0.24180477, -0.70544409,  1.23928183,  1.16496928,  1.10398756,\n",
       "        -1.61021093,  0.65586848,  0.724948  ,  0.03860895, -1.5633422 ,\n",
       "        -0.30068986, -0.96086755,  0.21368013,  1.38524481, -1.19771035,\n",
       "         0.9446787 , -0.13096391, -0.14635668,  0.76845619,  0.11581606,\n",
       "        -0.67238446, -0.02567239, -0.99207126,  0.09388204, -0.02159954,\n",
       "        -1.87687405, -1.37825846, -0.74223067,  0.62742146,  0.61226693,\n",
       "         2.82037529,  2.11146704, -0.61631323,  0.3054302 , -0.79967674,\n",
       "        -2.08828535,  0.39242012, -1.05846563,  1.46916431,  1.28336376],\n",
       "       [-0.9728228 ,  0.47890855,  1.20320853,  2.02467739,  1.05933768,\n",
       "        -1.47370958, -0.54768537,  0.33323264, -0.0491432 ,  0.03427699,\n",
       "         1.50187613,  0.4358325 , -1.18328694,  0.10100272, -1.52497071,\n",
       "         0.38149553, -0.07264925,  0.1199408 , -0.26704308,  0.49522375,\n",
       "         0.51597371,  0.88021694, -0.85970549,  1.08097263,  1.0636098 ,\n",
       "        -0.28938062, -0.88688157, -1.00609575,  0.25112991, -1.08468867,\n",
       "         1.23675998, -0.61431878,  1.70165898,  0.38674298, -0.09411913,\n",
       "        -1.02971212, -0.43830533, -0.7339117 ,  0.07576471,  1.5034854 ,\n",
       "         0.39726741, -0.78251016,  0.3385064 ,  0.10628337, -0.13044425,\n",
       "         0.4306616 ,  0.59362343,  0.01361186, -0.28188809,  0.69925984],\n",
       "       [-0.75290488,  0.3430402 ,  1.45058137,  1.26032516,  0.11155629,\n",
       "         1.40819891,  0.78529258,  0.76994633, -0.66672964,  0.80169203,\n",
       "         0.19174977, -1.03465182,  0.07234451, -0.35734522,  0.13146212,\n",
       "         0.51942156, -1.14220637, -0.57984401,  0.41396059, -0.85195149,\n",
       "         0.57398511,  0.52166346, -0.39957608, -2.01547184, -0.44774895,\n",
       "         0.16969315, -0.56025653, -0.2384803 , -1.06221668, -0.36312121,\n",
       "        -0.76708573, -1.38302204,  0.36615256,  0.06549097, -1.29446842,\n",
       "        -0.74055657, -1.79822935, -1.24027226,  0.51616455,  0.76753977,\n",
       "         2.13830501, -1.80153459, -1.13705599,  1.13775632, -0.84817486,\n",
       "        -1.41526648,  1.36588196,  1.01635289,  1.27407227,  1.11844354],\n",
       "       [ 1.54490714,  0.2772039 ,  0.43659864, -1.17565529,  0.83831463,\n",
       "         0.58267808, -0.50090398,  2.13814865,  2.78761023,  0.01413987,\n",
       "        -0.01769141, -0.84636591,  1.61521612, -0.74725524,  0.21855028,\n",
       "         1.11880019, -0.43001699, -0.19937038,  1.43381644,  0.95857515,\n",
       "         0.00520651, -0.30022631, -0.85530434, -0.13801374,  1.02000042,\n",
       "         1.9411081 , -0.53287195,  0.31309518,  0.06182644, -0.41547933,\n",
       "         1.13843957,  0.71004642,  0.51227332, -1.67603296,  1.20377121,\n",
       "        -0.0048942 ,  0.2968811 ,  0.65214781, -0.10828613, -0.44059594,\n",
       "         1.17159637,  1.56476663, -1.45026904,  0.11705347, -1.17738688,\n",
       "        -0.05126387,  0.14201153,  1.05636457,  0.03488571,  0.47962225]])"
      ]
     },
     "execution_count": 52,
     "metadata": {},
     "output_type": "execute_result"
    }
   ],
   "source": [
    "norm"
   ]
  },
  {
   "cell_type": "code",
   "execution_count": 48,
   "metadata": {},
   "outputs": [
    {
     "data": {
      "text/plain": [
       "-0.0910782675"
      ]
     },
     "execution_count": 48,
     "metadata": {},
     "output_type": "execute_result"
    }
   ],
   "source": [
    "sum([ 1.04642283, -1.00000555,  0.32953287, -0.74026322]) / 4"
   ]
  },
  {
   "cell_type": "code",
   "execution_count": 60,
   "metadata": {},
   "outputs": [
    {
     "data": {
      "text/plain": [
       "array([[17.54399373,  0.        , 17.54399373,  0.        ,  0.        ,\n",
       "        17.54399373,  0.        ,  0.        ,  0.        , 17.54399373,\n",
       "         0.        ,  0.        , 17.54399373, 17.54399373, 17.54399373,\n",
       "         0.        , 17.54399373, 17.54399373,  0.        , 17.54399373,\n",
       "         0.        , 17.54399373,  0.        ,  0.        , 17.54399373,\n",
       "        17.54399373,  0.        , 17.54399373,  0.        , 17.54399373,\n",
       "        17.54399373, 17.54399373,  0.        ,  0.        ,  0.        ,\n",
       "         0.        , 17.54399373,  0.        ,  0.        ,  0.        ,\n",
       "         0.        ,  0.        ,  0.        , 17.54399373,  0.        ,\n",
       "        17.54399373, 17.54399373, 17.54399373,  0.        ,  0.        ],\n",
       "       [17.54399373, 17.54399373,  0.        ,  0.        ,  0.        ,\n",
       "         0.        , 17.54399373,  0.        , 17.54399373,  0.        ,\n",
       "         0.        ,  0.        , 17.54399373, 17.54399373, 17.54399373,\n",
       "         0.        , 17.54399373, 17.54399373, 17.54399373,  0.        ,\n",
       "         0.        ,  0.        , 17.54399373, 17.54399373,  0.        ,\n",
       "        17.54399373,  0.        ,  0.        , 17.54399373, 17.54399373,\n",
       "         0.        ,  0.        ,  0.        , 17.54399373,  0.        ,\n",
       "         0.        ,  0.        ,  0.        , 17.54399373, 17.54399373,\n",
       "        17.54399373, 17.54399373,  0.        , 17.54399373,  0.        ,\n",
       "         0.        , 17.54399373,  0.        , 17.54399373, 17.54399373],\n",
       "       [ 0.        , 17.54399373, 17.54399373, 17.54399373, 17.54399373,\n",
       "         0.        ,  0.        , 17.54399373,  0.        , 17.54399373,\n",
       "        17.54399373, 17.54399373,  0.        , 17.54399373,  0.        ,\n",
       "        17.54399373,  0.        , 17.54399373,  0.        , 17.54399373,\n",
       "        17.54399373, 17.54399373,  0.        , 17.54399373, 17.54399373,\n",
       "         0.        ,  0.        ,  0.        , 17.54399373,  0.        ,\n",
       "        17.54399373,  0.        , 17.54399373, 17.54399373,  0.        ,\n",
       "         0.        ,  0.        ,  0.        , 17.54399373, 17.54399373,\n",
       "        17.54399373,  0.        , 17.54399373, 17.54399373,  0.        ,\n",
       "        17.54399373, 17.54399373, 17.54399373,  0.        , 17.54399373],\n",
       "       [ 0.        , 17.54399373, 17.54399373, 17.54399373, 17.54399373,\n",
       "        17.54399373, 17.54399373, 17.54399373,  0.        , 17.54399373,\n",
       "        17.54399373,  0.        , 17.54399373,  0.        , 17.54399373,\n",
       "        17.54399373,  0.        ,  0.        , 17.54399373,  0.        ,\n",
       "        17.54399373, 17.54399373,  0.        ,  0.        ,  0.        ,\n",
       "        17.54399373,  0.        ,  0.        ,  0.        ,  0.        ,\n",
       "         0.        ,  0.        , 17.54399373, 17.54399373,  0.        ,\n",
       "         0.        ,  0.        ,  0.        , 17.54399373, 17.54399373,\n",
       "        17.54399373,  0.        ,  0.        , 17.54399373,  0.        ,\n",
       "         0.        , 17.54399373, 17.54399373, 17.54399373, 17.54399373],\n",
       "       [17.54399373, 17.54399373, 17.54399373,  0.        , 17.54399373,\n",
       "        17.54399373,  0.        , 17.54399373, 17.54399373, 17.54399373,\n",
       "         0.        ,  0.        , 17.54399373,  0.        , 17.54399373,\n",
       "        17.54399373,  0.        ,  0.        , 17.54399373, 17.54399373,\n",
       "        17.54399373,  0.        ,  0.        ,  0.        , 17.54399373,\n",
       "        17.54399373,  0.        , 17.54399373, 17.54399373,  0.        ,\n",
       "        17.54399373, 17.54399373, 17.54399373,  0.        , 17.54399373,\n",
       "         0.        , 17.54399373, 17.54399373,  0.        ,  0.        ,\n",
       "        17.54399373, 17.54399373,  0.        , 17.54399373,  0.        ,\n",
       "         0.        , 17.54399373, 17.54399373, 17.54399373, 17.54399373]])"
      ]
     },
     "execution_count": 60,
     "metadata": {},
     "output_type": "execute_result"
    }
   ],
   "source": [
    "np.where(norm<0, 0, np.sum(norm))"
   ]
  },
  {
   "cell_type": "code",
   "execution_count": 68,
   "metadata": {},
   "outputs": [],
   "source": [
    "arr = np.array([[3, 1, 2], [1, 1, 1], [1, 1, 1]])"
   ]
  },
  {
   "cell_type": "code",
   "execution_count": 69,
   "metadata": {},
   "outputs": [
    {
     "data": {
      "text/plain": [
       "array([[3, 1, 2],\n",
       "       [1, 1, 1],\n",
       "       [1, 1, 1]])"
      ]
     },
     "execution_count": 69,
     "metadata": {},
     "output_type": "execute_result"
    }
   ],
   "source": [
    "arr"
   ]
  },
  {
   "cell_type": "code",
   "execution_count": 72,
   "metadata": {},
   "outputs": [
    {
     "data": {
      "text/plain": [
       "array([[3, 1, 2],\n",
       "       [4, 2, 3],\n",
       "       [5, 3, 4]])"
      ]
     },
     "execution_count": 72,
     "metadata": {},
     "output_type": "execute_result"
    }
   ],
   "source": [
    "arr.cumsum(axis=0)"
   ]
  },
  {
   "cell_type": "code",
   "execution_count": 76,
   "metadata": {},
   "outputs": [
    {
     "data": {
      "text/plain": [
       "array([3, 3, 6, 6, 6, 6, 6, 6, 6])"
      ]
     },
     "execution_count": 76,
     "metadata": {},
     "output_type": "execute_result"
    }
   ],
   "source": [
    "arr.cumprod()"
   ]
  },
  {
   "cell_type": "code",
   "execution_count": 80,
   "metadata": {},
   "outputs": [
    {
     "data": {
      "text/plain": [
       "array([0.96128944, 1.44341804, 1.70729759, 1.24889302, 0.49270128,\n",
       "       1.16209399, 0.66147343, 1.39618086, 1.68531764, 0.12764326,\n",
       "       0.52562298, 0.29597347, 1.10001964, 2.12099448, 0.73078987,\n",
       "       0.93273559, 0.38315799, 0.23888171, 1.06545783, 1.21417865,\n",
       "       1.79129828, 0.49931918, 0.16313345, 1.43203113, 0.75191998,\n",
       "       0.57223546, 0.05920949, 0.63074734, 0.81631979, 1.34288701,\n",
       "       1.72021595, 0.90247046, 0.81115788, 0.79853935, 0.66095242,\n",
       "       0.39188418, 1.49225671, 0.40121246, 0.27016462, 0.46015382,\n",
       "       1.36080974, 2.13161446, 0.38836321, 0.22894862, 0.13832484,\n",
       "       1.04713915, 0.17920951, 0.6061646 , 0.84748491, 0.30024656])"
      ]
     },
     "execution_count": 80,
     "metadata": {},
     "output_type": "execute_result"
    }
   ],
   "source": [
    "norm.var(axis=0)"
   ]
  },
  {
   "cell_type": "code",
   "execution_count": 81,
   "metadata": {},
   "outputs": [
    {
     "data": {
      "text/plain": [
       "array([[ True,  True,  True],\n",
       "       [ True,  True,  True],\n",
       "       [ True,  True,  True]])"
      ]
     },
     "execution_count": 81,
     "metadata": {},
     "output_type": "execute_result"
    }
   ],
   "source": [
    "(arr > 0)"
   ]
  },
  {
   "cell_type": "code",
   "execution_count": 83,
   "metadata": {},
   "outputs": [],
   "source": [
    "arr = np.random.randn(100)"
   ]
  },
  {
   "cell_type": "code",
   "execution_count": 87,
   "metadata": {},
   "outputs": [
    {
     "data": {
      "text/plain": [
       "52"
      ]
     },
     "execution_count": 87,
     "metadata": {},
     "output_type": "execute_result"
    }
   ],
   "source": [
    "(arr < 0).sum()"
   ]
  },
  {
   "cell_type": "code",
   "execution_count": 88,
   "metadata": {},
   "outputs": [],
   "source": [
    "norm.sort()"
   ]
  },
  {
   "cell_type": "code",
   "execution_count": 89,
   "metadata": {},
   "outputs": [
    {
     "data": {
      "text/plain": [
       "array([[-3.04717841, -2.34270514, -1.74075901, -1.68929856, -1.57675285,\n",
       "        -1.36349938, -1.27264903, -1.11558409, -0.93030588, -0.83009753,\n",
       "        -0.79674905, -0.76597134, -0.64409101, -0.63589862, -0.52775445,\n",
       "        -0.42934301, -0.42436395, -0.36500017, -0.35667202, -0.31879674,\n",
       "        -0.27188945, -0.24320103, -0.21641007, -0.17605601, -0.08803525,\n",
       "        -0.07295509, -0.0633551 , -0.05688237,  0.0752935 ,  0.21382157,\n",
       "         0.22162584,  0.29511746,  0.35238712,  0.40416618,  0.40522192,\n",
       "         0.42218277,  0.43562356,  0.60758674,  0.72941045,  0.77785588,\n",
       "         0.86145322,  1.14660807,  1.31049266,  1.32808026,  1.37792814,\n",
       "         1.40968465,  1.61999731,  2.29795521,  2.72236454,  3.31105413],\n",
       "       [-2.16563555, -2.08828535, -1.87687405, -1.61021093, -1.5633422 ,\n",
       "        -1.37825846, -1.19771035, -1.07545006, -1.05846563, -0.99207126,\n",
       "        -0.96086755, -0.79967674, -0.74223067, -0.70544409, -0.67238446,\n",
       "        -0.65600913, -0.61631323, -0.36658591, -0.30068986, -0.24180477,\n",
       "        -0.20701583, -0.14635668, -0.13096391, -0.02567239, -0.02159954,\n",
       "        -0.01659959,  0.03860895,  0.09388204,  0.11581606,  0.21368013,\n",
       "         0.3054302 ,  0.39242012,  0.57245496,  0.61226693,  0.62742146,\n",
       "         0.65586848,  0.724948  ,  0.76845619,  0.9446787 ,  1.04568203,\n",
       "         1.10398756,  1.14322525,  1.16496928,  1.23928183,  1.28336376,\n",
       "         1.38524481,  1.46916431,  1.53221869,  2.11146704,  2.82037529],\n",
       "       [-1.52497071, -1.47370958, -1.18328694, -1.08468867, -1.02971212,\n",
       "        -1.00609575, -0.9728228 , -0.88688157, -0.85970549, -0.78251016,\n",
       "        -0.7339117 , -0.61431878, -0.54768537, -0.43830533, -0.28938062,\n",
       "        -0.28188809, -0.26704308, -0.13044425, -0.09411913, -0.07264925,\n",
       "        -0.0491432 ,  0.01361186,  0.03427699,  0.07576471,  0.10100272,\n",
       "         0.10628337,  0.1199408 ,  0.25112991,  0.33323264,  0.3385064 ,\n",
       "         0.38149553,  0.38674298,  0.39726741,  0.4306616 ,  0.4358325 ,\n",
       "         0.47890855,  0.49522375,  0.51597371,  0.59362343,  0.69925984,\n",
       "         0.88021694,  1.05933768,  1.0636098 ,  1.08097263,  1.20320853,\n",
       "         1.23675998,  1.50187613,  1.5034854 ,  1.70165898,  2.02467739],\n",
       "       [-2.01547184, -1.80153459, -1.79822935, -1.41526648, -1.38302204,\n",
       "        -1.29446842, -1.24027226, -1.14220637, -1.13705599, -1.06221668,\n",
       "        -1.03465182, -0.85195149, -0.84817486, -0.76708573, -0.75290488,\n",
       "        -0.74055657, -0.66672964, -0.57984401, -0.56025653, -0.44774895,\n",
       "        -0.39957608, -0.36312121, -0.35734522, -0.2384803 ,  0.06549097,\n",
       "         0.07234451,  0.11155629,  0.13146212,  0.16969315,  0.19174977,\n",
       "         0.3430402 ,  0.36615256,  0.41396059,  0.51616455,  0.51942156,\n",
       "         0.52166346,  0.57398511,  0.76753977,  0.76994633,  0.78529258,\n",
       "         0.80169203,  1.01635289,  1.11844354,  1.13775632,  1.26032516,\n",
       "         1.27407227,  1.36588196,  1.40819891,  1.45058137,  2.13830501],\n",
       "       [-1.67603296, -1.45026904, -1.17738688, -1.17565529, -0.85530434,\n",
       "        -0.84636591, -0.74725524, -0.53287195, -0.50090398, -0.44059594,\n",
       "        -0.43001699, -0.41547933, -0.30022631, -0.19937038, -0.13801374,\n",
       "        -0.10828613, -0.05126387, -0.01769141, -0.0048942 ,  0.00520651,\n",
       "         0.01413987,  0.03488571,  0.06182644,  0.11705347,  0.14201153,\n",
       "         0.21855028,  0.2772039 ,  0.2968811 ,  0.31309518,  0.43659864,\n",
       "         0.47962225,  0.51227332,  0.58267808,  0.65214781,  0.71004642,\n",
       "         0.83831463,  0.95857515,  1.02000042,  1.05636457,  1.11880019,\n",
       "         1.13843957,  1.17159637,  1.20377121,  1.43381644,  1.54490714,\n",
       "         1.56476663,  1.61521612,  1.9411081 ,  2.13814865,  2.78761023]])"
      ]
     },
     "execution_count": 89,
     "metadata": {},
     "output_type": "execute_result"
    }
   ],
   "source": [
    "norm"
   ]
  },
  {
   "cell_type": "code",
   "execution_count": 91,
   "metadata": {},
   "outputs": [
    {
     "data": {
      "text/plain": [
       "array([[-0.70403487, -0.19009587,  0.68535959, -0.21383815,  0.23685318,\n",
       "        -1.00607023],\n",
       "       [-0.71733977,  0.30454021, -0.05321593,  1.41207044, -0.5916277 ,\n",
       "        -0.62633377],\n",
       "       [-0.63616972, -0.54465363,  1.58992505,  0.84515285,  0.631333  ,\n",
       "        -0.28093637],\n",
       "       [-0.77734697, -0.0377983 ,  0.08745318, -0.34177462,  1.86872881,\n",
       "        -0.85898455],\n",
       "       [ 0.02781892, -0.73263864,  0.53365092, -0.02717418,  0.37667404,\n",
       "         0.35788112]])"
      ]
     },
     "execution_count": 91,
     "metadata": {},
     "output_type": "execute_result"
    }
   ],
   "source": [
    "norm"
   ]
  },
  {
   "cell_type": "code",
   "execution_count": 92,
   "metadata": {},
   "outputs": [],
   "source": [
    "norm.sort(axis=0)"
   ]
  },
  {
   "cell_type": "code",
   "execution_count": 93,
   "metadata": {},
   "outputs": [
    {
     "data": {
      "text/plain": [
       "array([[-0.77734697, -0.73263864, -0.05321593, -0.34177462, -0.5916277 ,\n",
       "        -1.00607023],\n",
       "       [-0.71733977, -0.54465363,  0.08745318, -0.21383815,  0.23685318,\n",
       "        -0.85898455],\n",
       "       [-0.70403487, -0.19009587,  0.53365092, -0.02717418,  0.37667404,\n",
       "        -0.62633377],\n",
       "       [-0.63616972, -0.0377983 ,  0.68535959,  0.84515285,  0.631333  ,\n",
       "        -0.28093637],\n",
       "       [ 0.02781892,  0.30454021,  1.58992505,  1.41207044,  1.86872881,\n",
       "         0.35788112]])"
      ]
     },
     "execution_count": 93,
     "metadata": {},
     "output_type": "execute_result"
    }
   ],
   "source": [
    "norm"
   ]
  },
  {
   "cell_type": "code",
   "execution_count": 94,
   "metadata": {},
   "outputs": [],
   "source": [
    "x = np.array(['Maria', 'Jesús', 'Jesús', 'Antonio', 'Marta'])"
   ]
  },
  {
   "cell_type": "code",
   "execution_count": 97,
   "metadata": {},
   "outputs": [
    {
     "data": {
      "text/plain": [
       "array(['Antonio', 'Jesús', 'Maria', 'Marta'], dtype='<U7')"
      ]
     },
     "execution_count": 97,
     "metadata": {},
     "output_type": "execute_result"
    }
   ],
   "source": [
    "np.unique(x)"
   ]
  },
  {
   "cell_type": "code",
   "execution_count": null,
   "metadata": {},
   "outputs": [],
   "source": [
    "set(list())"
   ]
  },
  {
   "cell_type": "code",
   "execution_count": 98,
   "metadata": {},
   "outputs": [],
   "source": [
    "arr = np.arange(10)"
   ]
  },
  {
   "cell_type": "code",
   "execution_count": 101,
   "metadata": {},
   "outputs": [
    {
     "data": {
      "text/plain": [
       "array([0, 1, 2, 3, 4, 5, 6, 7, 8, 9])"
      ]
     },
     "execution_count": 101,
     "metadata": {},
     "output_type": "execute_result"
    }
   ],
   "source": [
    "arr"
   ]
  },
  {
   "cell_type": "code",
   "execution_count": 99,
   "metadata": {},
   "outputs": [],
   "source": [
    "np.save('array', arr)"
   ]
  },
  {
   "cell_type": "code",
   "execution_count": 100,
   "metadata": {},
   "outputs": [
    {
     "data": {
      "text/plain": [
       "array([0, 1, 2, 3, 4, 5, 6, 7, 8, 9])"
      ]
     },
     "execution_count": 100,
     "metadata": {},
     "output_type": "execute_result"
    }
   ],
   "source": [
    "np.load('array.npy')"
   ]
  },
  {
   "cell_type": "code",
   "execution_count": 104,
   "metadata": {},
   "outputs": [],
   "source": [
    "X = np.random.randn(5, 5)"
   ]
  },
  {
   "cell_type": "code",
   "execution_count": 105,
   "metadata": {},
   "outputs": [
    {
     "data": {
      "text/plain": [
       "array([[ 0.52609714,  1.18608934, -0.22099199,  1.71704318, -1.11412523],\n",
       "       [ 0.34386685,  0.32338095,  1.49042441,  0.56943462,  0.80135798],\n",
       "       [ 0.13563391, -1.72556068, -0.10233309,  0.41745962, -1.30389638],\n",
       "       [-0.13967672, -0.38495163, -1.29799624, -0.63151884,  1.25821593],\n",
       "       [-0.06622957, -0.61025695, -0.37878439,  0.23616311,  1.36958296]])"
      ]
     },
     "execution_count": 105,
     "metadata": {},
     "output_type": "execute_result"
    }
   ],
   "source": [
    "X"
   ]
  },
  {
   "cell_type": "code",
   "execution_count": 106,
   "metadata": {},
   "outputs": [
    {
     "data": {
      "text/plain": [
       "-3.4722628119399337"
      ]
     },
     "execution_count": 106,
     "metadata": {},
     "output_type": "execute_result"
    }
   ],
   "source": [
    "np.linalg.det(X)"
   ]
  },
  {
   "cell_type": "code",
   "execution_count": 109,
   "metadata": {},
   "outputs": [
    {
     "data": {
      "text/plain": [
       "array([[ 3.10199841e-01,  2.80994174e+00, -2.50451151e-01,\n",
       "         5.81861913e+00,  3.27638424e+00],\n",
       "       [ 4.84257692e-02, -3.39958220e-02, -6.36424254e-01,\n",
       "        -3.40535790e-02, -1.40653652e-01],\n",
       "       [-3.42481008e-02, -3.78173203e-01,  4.95576294e-03,\n",
       "        -2.05985432e-01, -9.59134927e-02],\n",
       "       [-3.59104480e-02,  1.87573508e-01,  1.81054475e-01,\n",
       "         6.02052378e-01,  1.55675148e+00],\n",
       "       [ 1.51697680e-03, -1.29590983e-01,  4.72735879e-02,\n",
       "         3.90015294e-02,  4.33788174e-01]])"
      ]
     },
     "execution_count": 109,
     "metadata": {},
     "output_type": "execute_result"
    }
   ],
   "source": [
    "np.linalg.inv(X) * X"
   ]
  },
  {
   "cell_type": "code",
   "execution_count": 110,
   "metadata": {},
   "outputs": [
    {
     "data": {
      "text/plain": [
       "array([[ 1.00000000e+00,  2.82379048e-17,  4.97057258e-17,\n",
       "         4.66024737e-17, -7.42820738e-17],\n",
       "       [-2.18946183e-17,  1.00000000e+00,  1.70315034e-17,\n",
       "         7.06892205e-17, -9.52412829e-17],\n",
       "       [-4.75095168e-17,  8.17022066e-17,  1.00000000e+00,\n",
       "         7.56767272e-17, -8.04688516e-17],\n",
       "       [ 1.05621413e-17,  4.13929211e-17, -1.68112090e-17,\n",
       "         1.00000000e+00,  3.30201591e-17],\n",
       "       [-3.80098713e-17, -3.45341183e-18, -3.04477394e-17,\n",
       "         8.39287040e-17,  1.00000000e+00]])"
      ]
     },
     "execution_count": 110,
     "metadata": {},
     "output_type": "execute_result"
    }
   ],
   "source": [
    "X.dot(np.linalg.inv(X))"
   ]
  },
  {
   "cell_type": "code",
   "execution_count": 155,
   "metadata": {},
   "outputs": [
    {
     "data": {
      "text/plain": [
       "6"
      ]
     },
     "execution_count": 155,
     "metadata": {},
     "output_type": "execute_result"
    }
   ],
   "source": [
    "np.random.seed(23)\n",
    "np.random.randint(17)"
   ]
  },
  {
   "cell_type": "code",
   "execution_count": 117,
   "metadata": {},
   "outputs": [],
   "source": [
    "np.random.seed(1234)"
   ]
  },
  {
   "cell_type": "code",
   "execution_count": 164,
   "metadata": {},
   "outputs": [
    {
     "data": {
      "text/plain": [
       "1"
      ]
     },
     "execution_count": 164,
     "metadata": {},
     "output_type": "execute_result"
    }
   ],
   "source": [
    "random.randint(0, 1)"
   ]
  },
  {
   "cell_type": "code",
   "execution_count": 159,
   "metadata": {},
   "outputs": [],
   "source": [
    "import random\n",
    "position = 0\n",
    "walk = [position]\n",
    "steps = 1000\n",
    "for i in range(steps):\n",
    "    step = 1 if random.randint(0, 1) else -1\n",
    "    position += step\n",
    "    walk.append(position)"
   ]
  },
  {
   "cell_type": "code",
   "execution_count": 160,
   "metadata": {
    "collapsed": true,
    "jupyter": {
     "outputs_hidden": true
    }
   },
   "outputs": [
    {
     "data": {
      "text/plain": [
       "[0,\n",
       " 1,\n",
       " 0,\n",
       " -1,\n",
       " -2,\n",
       " -1,\n",
       " 0,\n",
       " -1,\n",
       " -2,\n",
       " -1,\n",
       " 0,\n",
       " -1,\n",
       " 0,\n",
       " -1,\n",
       " 0,\n",
       " -1,\n",
       " -2,\n",
       " -1,\n",
       " 0,\n",
       " -1,\n",
       " -2,\n",
       " -1,\n",
       " 0,\n",
       " 1,\n",
       " 0,\n",
       " -1,\n",
       " 0,\n",
       " 1,\n",
       " 2,\n",
       " 3,\n",
       " 4,\n",
       " 5,\n",
       " 6,\n",
       " 5,\n",
       " 6,\n",
       " 7,\n",
       " 8,\n",
       " 7,\n",
       " 6,\n",
       " 7,\n",
       " 6,\n",
       " 7,\n",
       " 6,\n",
       " 7,\n",
       " 6,\n",
       " 7,\n",
       " 8,\n",
       " 7,\n",
       " 8,\n",
       " 9,\n",
       " 8,\n",
       " 9,\n",
       " 10,\n",
       " 11,\n",
       " 12,\n",
       " 11,\n",
       " 10,\n",
       " 9,\n",
       " 8,\n",
       " 9,\n",
       " 8,\n",
       " 7,\n",
       " 8,\n",
       " 9,\n",
       " 10,\n",
       " 11,\n",
       " 10,\n",
       " 9,\n",
       " 10,\n",
       " 9,\n",
       " 10,\n",
       " 11,\n",
       " 10,\n",
       " 11,\n",
       " 12,\n",
       " 11,\n",
       " 12,\n",
       " 11,\n",
       " 12,\n",
       " 11,\n",
       " 10,\n",
       " 11,\n",
       " 12,\n",
       " 11,\n",
       " 12,\n",
       " 11,\n",
       " 12,\n",
       " 13,\n",
       " 12,\n",
       " 13,\n",
       " 12,\n",
       " 11,\n",
       " 12,\n",
       " 13,\n",
       " 14,\n",
       " 15,\n",
       " 14,\n",
       " 13,\n",
       " 12,\n",
       " 11,\n",
       " 12,\n",
       " 13,\n",
       " 12,\n",
       " 13,\n",
       " 12,\n",
       " 13,\n",
       " 12,\n",
       " 11,\n",
       " 10,\n",
       " 11,\n",
       " 10,\n",
       " 9,\n",
       " 8,\n",
       " 7,\n",
       " 6,\n",
       " 5,\n",
       " 6,\n",
       " 5,\n",
       " 4,\n",
       " 5,\n",
       " 6,\n",
       " 7,\n",
       " 8,\n",
       " 9,\n",
       " 8,\n",
       " 7,\n",
       " 8,\n",
       " 9,\n",
       " 10,\n",
       " 11,\n",
       " 10,\n",
       " 11,\n",
       " 10,\n",
       " 11,\n",
       " 12,\n",
       " 11,\n",
       " 10,\n",
       " 11,\n",
       " 10,\n",
       " 9,\n",
       " 10,\n",
       " 11,\n",
       " 12,\n",
       " 11,\n",
       " 12,\n",
       " 11,\n",
       " 12,\n",
       " 11,\n",
       " 12,\n",
       " 13,\n",
       " 14,\n",
       " 13,\n",
       " 12,\n",
       " 11,\n",
       " 12,\n",
       " 11,\n",
       " 10,\n",
       " 11,\n",
       " 10,\n",
       " 9,\n",
       " 10,\n",
       " 11,\n",
       " 10,\n",
       " 9,\n",
       " 8,\n",
       " 9,\n",
       " 8,\n",
       " 7,\n",
       " 8,\n",
       " 7,\n",
       " 6,\n",
       " 7,\n",
       " 6,\n",
       " 7,\n",
       " 8,\n",
       " 7,\n",
       " 8,\n",
       " 9,\n",
       " 8,\n",
       " 7,\n",
       " 8,\n",
       " 9,\n",
       " 8,\n",
       " 7,\n",
       " 6,\n",
       " 7,\n",
       " 8,\n",
       " 9,\n",
       " 8,\n",
       " 9,\n",
       " 8,\n",
       " 7,\n",
       " 6,\n",
       " 7,\n",
       " 8,\n",
       " 9,\n",
       " 8,\n",
       " 7,\n",
       " 6,\n",
       " 7,\n",
       " 8,\n",
       " 9,\n",
       " 8,\n",
       " 9,\n",
       " 10,\n",
       " 11,\n",
       " 10,\n",
       " 11,\n",
       " 12,\n",
       " 11,\n",
       " 10,\n",
       " 11,\n",
       " 10,\n",
       " 11,\n",
       " 10,\n",
       " 11,\n",
       " 12,\n",
       " 13,\n",
       " 12,\n",
       " 13,\n",
       " 12,\n",
       " 11,\n",
       " 10,\n",
       " 11,\n",
       " 10,\n",
       " 11,\n",
       " 10,\n",
       " 9,\n",
       " 10,\n",
       " 11,\n",
       " 10,\n",
       " 11,\n",
       " 12,\n",
       " 13,\n",
       " 12,\n",
       " 13,\n",
       " 14,\n",
       " 13,\n",
       " 14,\n",
       " 15,\n",
       " 16,\n",
       " 15,\n",
       " 16,\n",
       " 17,\n",
       " 18,\n",
       " 19,\n",
       " 18,\n",
       " 19,\n",
       " 20,\n",
       " 21,\n",
       " 20,\n",
       " 21,\n",
       " 20,\n",
       " 21,\n",
       " 20,\n",
       " 21,\n",
       " 22,\n",
       " 21,\n",
       " 20,\n",
       " 19,\n",
       " 20,\n",
       " 19,\n",
       " 18,\n",
       " 17,\n",
       " 16,\n",
       " 17,\n",
       " 16,\n",
       " 15,\n",
       " 14,\n",
       " 15,\n",
       " 14,\n",
       " 15,\n",
       " 16,\n",
       " 15,\n",
       " 14,\n",
       " 15,\n",
       " 16,\n",
       " 17,\n",
       " 16,\n",
       " 17,\n",
       " 16,\n",
       " 17,\n",
       " 16,\n",
       " 17,\n",
       " 18,\n",
       " 17,\n",
       " 16,\n",
       " 15,\n",
       " 14,\n",
       " 15,\n",
       " 14,\n",
       " 13,\n",
       " 14,\n",
       " 15,\n",
       " 14,\n",
       " 13,\n",
       " 12,\n",
       " 11,\n",
       " 12,\n",
       " 13,\n",
       " 12,\n",
       " 13,\n",
       " 14,\n",
       " 13,\n",
       " 14,\n",
       " 13,\n",
       " 12,\n",
       " 11,\n",
       " 12,\n",
       " 13,\n",
       " 14,\n",
       " 15,\n",
       " 14,\n",
